4294967279,441
4294967278,275
4294967278,266
4294967278,258
4294967278,383
4294967278,382
4294967279,433
4294967278,380
4294967279,432
4294967279,431
4294967279,289
4294967279,274
4294967278,375
4294967279,504
4294967278,374
4294967278,53
4294967278,52
4294967278,51
4294967278,48
4294967279,429
4294967279,464
4294967279,428
4294967278,373
4294967278,414
4294967279,427
4294967279,426
4294967279,503
4294967278,394
4294967278,371
4294967279,422
4294967279,501
4294967278,370
4294967278,431
4294967278,364
4294967279,469
4294967279,493
4294967278,361
4294967279,491
4294967279,499
4294967279,498
4294967278,359
4294967278,392
4294967278,358
4294967278,284
4294967278,300
4294967279,420
4294967278,415
4294967279,384
4294967278,428
4294967279,446
4294967278,427
4294967279,264
4294967278,426
4294967278,425
4294967279,489
4294967279,88
4294967279,467
4294967279,488
4294967279,455
4294967279,502
4294967279,444
4294967278,400
4294967279,496
4294967278,327
4294967278,421
4294967279,453
4294967279,495
4294967278,433
4294967278,356
4294967278,432
4294967278,354
4294967278,353
4294967279,485
4294967279,303
4294967279,302
4294967278,317
4294967279,478
4294967278,417
4294967278,352
4294967279,437
4294967278,430
4294967279,282
4294967278,295
4294967279,492
4294967278,416
4294967278,267
195,7
195,0
195,6
195,5
4294967278,343
4294967279,248
4294967279,84
4294967279,83
4294967279,81
4294967279,77
4294967279,74
4294967279,60
4294967279,58
4294967279,57
4294967279,56
4294967279,53
4294967279,52
4294967279,50
4294967279,49
4294967279,48
4294967279,46
4294967279,45
4294967279,44
4294967279,40
4294967279,39
4294967279,36
4294967279,35
4294967279,34
4294967279,32
4294967279,31
4294967279,30
4294967279,29
4294967279,27
4294967279,26
4294967279,24
4294967279,23
4294967279,22
4294967279,21
4294967279,20
4294967279,18
4294967279,15
4294967279,14
4294967279,13
4294967279,11
195,4
195,3
195,2
195,1
4294967294,1243
4294967294,1086
4294967279,240
4294967278,333
194,5
194,4
194,3
194,2
194,1
4294967294,387
193,5
193,4
193,3
193,2
193,1
192,4
192,3
192,2
192,1
4294967294,1425
191,5
191,4
191,3
191,2
191,1
4294967279,418
190,4
190,3
190,2
190,1
4294967278,366
189,4
189,3
189,2
189,1
4294967294,1434
4294967294,1433
4294967278,325
4294967278,274
188,6
4294967278,420
188,5
4294967294,478
188,4
188,3
188,2
188,1
4294967279,80
187,4
187,3
187,2
187,1
4294967279,78
4294967294,1426
186,5
4294967279,75
186,4
186,3
186,2
186,1
4294967294,1421
4294967279,189
4294967279,188
185,4
185,3
185,2
185,1
4294967279,416
4294967279,494
4294967279,500
4294967279,411
4294967279,66
4294967279,487
4294967294,1432
4294967278,350
4294967279,386
4294967278,411
4294967279,486
4294967294,421
4294967294,458
4294967294,169
4294967294,451
4294967294,410
4294967294,401
4294967278,349
4294967279,406
4294967294,1070
4294967294,1079
4294967294,163
4294967278,410
4294967279,133
4294967278,419
4294967278,313
4294967279,403
4294967294,388
4294967278,312
4294967278,348
4294967279,316
4294967278,339
4294967279,458
4294967279,222
4294967278,409
4294967278,418
4294967279,313
4294967279,161
4294967278,156
4294967278,155
4294967278,305
4294967278,152
4294967278,151
4294967278,150
4294967279,174
4294967279,73
4294967279,69
4294967279,68
4294967279,65
4294967279,62
4294967279,59
4294967279,9
4294967294,5
4294967278,148
184,4
184,3
184,2
184,1
4294967279,484
4294967278,146
4294967278,145
4294967278,143
4294967278,144
4294967279,144
183,5
183,4
183,3
183,2
183,1
4294967278,429
4294967278,277
182,5
182,4
182,3
182,2
182,1
4294967279,135
4294967278,134
181,4
181,3
181,2
181,1
4294967294,160
4294967294,113
4294967279,273
4294967294,1166
4294967279,398
180,5
4294967279,270
180,4
180,3
180,2
180,1
4294967278,283
179,4
179,3
179,2
179,1
4294967278,281
4294967279,266
178,4
178,3
178,2
178,1
4294967279,263
4294967278,261
4294967294,1431
4294967278,424
177,6
4294967278,256
4294967278,257
177,5
4294967294,479
177,4
177,3
177,2
177,1
4294967279,413
4294967279,407
4294967278,344
176,4
4294967279,408
176,3
176,2
176,1
4294967278,377
4294967279,404
175,5
175,4
175,3
175,2
175,1
174,4
4294967279,250
174,3
174,2
174,1
4294967279,482
4294967294,186
4294967294,1430
4294967278,338
4294967278,337
4294967278,335
4294967278,334
4294967278,367
4294967278,413
4294967279,439
4294967279,480
4294967278,234
4294967278,332
4294967279,497
4294967279,463
4294967294,115
4294967278,422
4294967279,226
4294967279,462
4294967294,480
4294967279,451
4294967294,1160
4294967294,176
4294967294,89
4294967279,461
4294967279,401
4294967279,400
4294967278,412
4294967279,399
4294967279,460
4294967294,470
4294967294,393
4294967294,120
4294967279,396
4294967279,397
4294967278,395
4294967294,75
4294967294,50
4294967278,346
4294967279,0
4294967279,410
4294967294,30
4294967294,61
4294967278,205
4294967278,202
4294967279,200
4294967278,196
173,4
173,3
173,2
173,1
4294967278,195
4294967294,482
4294967294,392
4294967294,389
4294967294,114
4294967294,2
4294967278,193
172,5
172,4
172,3
172,2
172,1
0,7
4294967278,189
4294967294,127
4294967294,18
4294967294,68
4294967294,11
171,5
171,4
171,3
171,2
171,1
4294967294,107
4294967294,94
4294967294,96
170,4
4294967279,183
170,3
170,2
170,1
4294967294,443
4294967294,1068
4294967294,8
4294967294,1
4294967294,17
4294967294,99
4294967294,76
4294967294,41
4294967294,9
4294967294,67
4294967294,425
4294967294,1080
4294967294,46
4294967294,0
4294967294,92
4294967294,91
4294967294,90
4294967294,88
4294967294,87
4294967294,86
4294967294,85
4294967294,84
4294967294,1245
4294967294,29
4294967294,419
4294967294,28
4294967294,27
4294967294,25
4294967294,26
4294967294,53
4294967294,418
4294967294,51
4294967294,52
4294967294,45
4294967294,1427
4294967294,44
4294967294,429
4294967294,43
4294967294,93
4294967294,95
4294967279,181
4294967294,42
4294967278,132
4294967278,131
4294967278,130
4294967278,129
4294967278,128
4294967278,127
4294967278,126
4294967278,125
4294967278,124
4294967278,423
4294967278,123
4294967278,122
4294967278,121
4294967278,120
4294967278,119
4294967278,118
4294967278,117
4294967278,116
4294967278,115
4294967278,114
4294967278,113
4294967278,112
4294967278,111
4294967278,110
4294967278,109
4294967278,108
4294967278,107
4294967278,106
4294967278,105
4294967278,174
4294967278,104
4294967278,103
4294967278,102
4294967278,101
4294967278,100
4294967278,99
4294967278,98
4294967278,97
4294967278,96
4294967278,95
4294967278,94
4294967278,93
4294967278,92
4294967278,91
4294967278,90
4294967278,89
4294967278,87
4294967278,406
4294967278,70
4294967278,69
